54997;10
54997;10
54997;10
54997;10
54997;10
54997;10
54997;10
54997;10
0;None
54997;10
54997;10
54997;10
54997;10
54997;10
54997;10
54997;10
54997;10
54997;10
54997;10
54997;10
54997;10
54997;10
54997;10
54997;10
54997;10
54997;10
54997;10
54997;10
54997;10
54997;10
54997;10
54997;10
54997;10
54997;10
54997;10
54997;10
54997;10
54997;10
0;None
54997;10
54997;10
54997;10
54997;10
54997;10
54997;10
54997;10
54997;10
54997;10
54997;10
54997;10
54997;10
54997;10
54997;10
54997;10
54997;10
54997;10
54997;10
54997;10
54997;10
54997;10
487;1
55127;5
55127;5
55127;5
130;5
55127;5
55127;5
55127;5
0;None
303;10
55127;5
55127;5
55127;5
55127;5
55127;5
55127;5
55127;5
55127;5
55127;5
55127;5
55127;5
55127;5
55127;5
55127;5
55127;5
55127;5
55127;5
55127;5
55127;5
228;30
487;1
55127;5
55127;5
55127;5
130;5
55127;5
55127;5
55127;5
0;None
303;10
55127;5
55127;5
55127;5
55127;5
55127;5
55127;5
55127;5
55127;5
55127;5
55127;5
55127;5
55127;5
55127;5
55127;5
55127;5
55127;5
55127;5
55127;5
55127;5
228;30
343;1
214;5
670;1
300;5
130;5
543;5
54895;5
409;10
0;None
303;10
321;5
759;30
54895;5
54895;5
375;10
720;30
503;30
54895;5
718;30
441;1
373;5
604;1
363;5
811;30
518;1
54895;5
599;1
54895;5
54895;5
217;5
343;1
214;5
670;1
300;5
130;5
543;5
54895;5
409;10
0;None
303;10
321;5
759;30
54895;5
54895;5
375;10
720;30
503;30
54895;5
718;30
441;1
373;5
604;1
363;5
811;30
518;1
54895;5
599;1
54895;5
54895;5
217;5
343;1
214;5
319;5
300;5
130;5
364;5
459;1
409;10
0;None
303;10
321;5
288;5
776;5
432;5
375;10
493;5
276;5
568;5
386;10
441;1
356;5
379;10
363;5
537;1
499;5
435;5
499;5
673;10
762;5
217;5
343;1
214;5
319;5
300;5
130;5
364;5
459;1
409;10
0;None
303;10
321;5
288;5
776;5
432;5
375;10
493;5
276;5
568;5
386;10
441;1
356;5
379;10
363;5
537;1
499;5
435;5
499;5
673;10
762;5
217;5
343;1
411;5
520;1
550;5
130;5
380;5
625;10
409;10
0;None
303;10
479;1
485;5
566;30
569;10
342;5
456;5
276;5
473;10
406;10
566;5
293;5
381;5
595;5
319;5
300;5
392;5
408;5
591;5
842;10
217;5
343;1
411;5
520;1
550;5
130;5
380;5
625;10
409;10
0;None
303;10
479;1
485;5
566;30
569;10
342;5
456;5
276;5
473;10
406;10
566;5
293;5
381;5
595;5
319;5
300;5
392;5
408;5
591;5
842;10
217;5
115;1
312;1
322;30
363;10
130;5
234;5
236;5
129;10
0;None
23;10
251;1
305;10
137;10
344;10
272;1
326;30
220;30
193;10
126;10
292;10
207;5
119;10
334;1
233;1
200;1
300;5
352;30
225;10
570;5
74;30
115;1
312;1
322;30
363;10
130;5
234;5
236;5
129;10
0;None
23;10
251;1
305;10
137;10
344;10
272;1
326;30
220;30
193;10
126;10
292;10
207;5
119;10
334;1
233;1
200;1
300;5
352;30
225;10
570;5
74;30
115;1
127;1
256;10
408;10
130;5
309;10
288;10
174;10
0;None
23;10
416;10
305;10
286;30
472;1
287;10
314;30
283;1
232;10
126;10
333;10
300;1
119;10
448;10
326;1
439;10
313;10
189;30
284;10
505;10
103;30
115;1
127;1
256;10
408;10
130;5
309;10
288;10
174;10
0;None
23;10
416;10
305;10
286;30
472;1
287;10
314;30
283;1
232;10
126;10
333;10
300;1
119;10
448;10
326;1
439;10
313;10
189;30
284;10
505;10
103;30
20;1
325;1
91;1
332;1
130;5
40;10
167;10
174;10
0;None
23;10
145;1
246;10
276;5
427;10
163;1
343;10
298;1
232;10
61;1
84;1
315;1
54;1
199;1
202;1
76;1
231;10
73;1
207;1
236;10
54;1
20;1
325;1
91;1
332;1
130;5
40;10
167;10
174;10
0;None
23;10
145;1
246;10
276;5
427;10
163;1
343;10
298;1
232;10
61;1
84;1
315;1
54;1
199;1
202;1
76;1
231;10
73;1
207;1
236;10
54;1
24;1
57;5
95;1
284;5
16;5
40;10
235;5
174;10
0;None
23;10
117;5
330;5
111;10
214;10
163;10
231;10
213;5
232;10
151;5
249;10
230;5
70;10
104;1
256;5
102;1
338;5
99;1
309;5
384;10
58;1
24;1
57;5
95;1
284;5
16;5
40;10
235;5
174;10
0;None
23;10
117;5
330;5
111;10
214;10
163;10
231;10
213;5
232;10
151;5
249;10
230;5
70;10
104;1
256;5
102;1
338;5
99;1
309;5
384;10
58;1
297;10
361;10
229;10
503;5
235;5
40;10
281;10
167;10
0;None
23;10
107;10
368;10
111;10
214;10
163;10
231;10
313;10
225;10
228;10
251;10
536;5
70;10
356;10
430;30
248;10
263;10
245;10
301;10
430;10
260;30
297;10
361;10
229;10
503;5
235;5
40;10
281;10
167;10
0;None
23;10
107;10
368;10
111;10
214;10
163;10
231;10
313;10
225;10
228;10
251;10
536;5
70;10
356;10
430;30
248;10
263;10
245;10
301;10
430;10
260;30
153;1
378;1
163;1
405;1
235;5
349;10
407;1
313;1
0;None
332;10
294;1
441;1
376;10
452;1
260;1
395;1
289;1
371;1
309;30
240;1
245;5
191;1
307;1
357;1
206;1
441;30
228;1
434;1
597;1
187;1
153;1
378;1
163;1
405;1
235;5
349;10
407;1
313;1
0;None
332;10
294;1
441;1
376;10
452;1
260;1
395;1
289;1
371;1
309;30
240;1
245;5
191;1
307;1
357;1
206;1
441;30
228;1
434;1
597;1
187;1
98;1
273;1
108;1
124;1
232;1
253;1
357;1
266;1
0;None
264;1
239;1
423;1
218;1
321;1
128;1
372;1
182;1
324;1
139;1
108;1
278;1
226;1
260;1
310;1
151;1
313;1
161;1
388;1
532;1
132;1
98;1
273;1
108;1
124;1
232;1
253;1
357;1
266;1
0;None
264;1
239;1
423;1
218;1
321;1
128;1
372;1
182;1
324;1
139;1
108;1
278;1
226;1
260;1
310;1
151;1
313;1
161;1
388;1
532;1
132;1
98;1
509;10
167;1
274;1
477;5
318;1
357;1
319;1
0;None
332;10
239;1
486;1
591;10
703;10
128;1
521;30
241;1
334;1
512;10
108;1
278;1
226;1
290;1
350;1
151;1
582;10
524;30
492;10
636;10
132;1
98;1
509;10
167;1
274;1
477;5
318;1
357;1
319;1
0;None
332;10
239;1
486;1
591;10
703;10
128;1
521;30
241;1
334;1
512;10
108;1
278;1
226;1
290;1
350;1
151;1
582;10
524;30
492;10
636;10
132;1
228;1
275;1
255;1
340;10
388;30
327;10
347;30
467;1
0;None
232;10
283;30
370;1
193;30
242;30
258;1
526;1
329;1
430;1
328;1
238;1
254;1
386;10
520;1
362;1
346;1
345;1
273;1
471;1
328;10
131;30
228;1
275;1
255;1
340;10
388;30
327;10
347;30
467;1
0;None
232;10
283;30
370;1
193;30
242;30
258;1
526;1
329;1
430;1
328;1
238;1
254;1
386;10
520;1
362;1
346;1
345;1
273;1
471;1
328;10
131;30
228;1
418;10
399;1
343;5
299;5
389;5
517;1
227;10
0;None
157;10
379;10
365;10
376;10
388;10
205;10
251;10
450;10
243;10
340;10
238;1
267;1
279;1
404;5
345;1
311;1
473;1
412;10
489;10
280;1
292;1
228;1
418;10
399;1
343;5
299;5
389;5
517;1
227;10
0;None
157;10
379;10
365;10
376;10
388;10
205;10
251;10
450;10
243;10
340;10
238;1
267;1
279;1
404;5
345;1
311;1
473;1
412;10
489;10
280;1
292;1
112;1
603;5
283;1
329;5
299;5
416;10
486;10
227;10
0;None
157;10
474;10
365;10
376;10
441;10
519;30
565;30
431;1
428;5
413;30
439;30
468;30
473;1
468;10
456;30
394;1
402;10
347;1
373;1
417;10
317;30
112;1
603;5
283;1
329;5
299;5
416;10
486;10
227;10
0;None
157;10
474;10
365;10
376;10
441;10
519;30
565;30
431;1
428;5
413;30
439;30
468;30
473;1
468;10
456;30
394;1
402;10
347;1
373;1
417;10
317;30
112;1
174;1
223;1
329;5
299;5
345;30
239;1
504;5
0;None
460;30
637;30
431;30
442;30
357;5
617;5
550;30
371;1
458;30
278;30
304;30
535;1
565;30
458;1
406;30
390;30
244;1
228;1
573;30
507;30
223;30
112;1
174;1
223;1
329;5
299;5
345;30
239;1
504;5
0;None
460;30
637;30
431;30
442;30
357;5
617;5
550;30
371;1
458;30
278;30
304;30
535;1
565;30
458;1
406;30
390;30
244;1
228;1
573;30
507;30
223;30
112;1
286;30
335;30
329;5
299;5
317;30
445;5
498;5
0;None
465;5
255;30
345;30
566;5
357;5
260;30
559;5
185;30
232;30
231;1
219;1
496;30
487;1
463;30
187;30
171;30
356;30
172;1
667;5
509;30
4;30
112;1
286;30
335;30
329;5
299;5
317;30
445;5
498;5
0;None
465;5
255;30
345;30
566;5
357;5
260;30
559;5
185;30
232;30
231;1
219;1
496;30
487;1
463;30
187;30
171;30
356;30
172;1
667;5
509;30
4;30
186;30
248;30
297;30
256;5
226;5
200;30
270;10
144;30
0;None
87;10
10;30
240;10
297;30
323;30
149;30
197;30
185;30
232;30
133;30
159;30
484;30
179;30
252;5
261;30
267;10
318;30
63;30
337;30
362;30
4;30
186;30
248;30
297;30
256;5
226;5
200;30
270;10
144;30
0;None
87;10
10;30
240;10
297;30
323;30
149;30
197;30
185;30
232;30
133;30
159;30
484;30
179;30
252;5
261;30
267;10
318;30
63;30
337;30
362;30
4;30
382;1
570;5
693;5
330;10
226;5
530;10
586;10
88;10
0;None
87;10
112;10
171;10
553;5
364;10
705;5
374;10
433;10
625;10
356;10
697;10
556;5
558;1
252;5
332;5
267;10
578;5
372;10
711;5
531;10
431;5
382;1
570;5
693;5
330;10
226;5
530;10
586;10
88;10
0;None
87;10
112;10
171;10
553;5
364;10
705;5
374;10
433;10
625;10
356;10
697;10
556;5
558;1
252;5
332;5
267;10
578;5
372;10
711;5
531;10
431;5
