0;None
54997;2
54997;2
54997;2
54997;2
54997;2
54997;2
54997;2
54997;2
54997;2
54997;2
54997;2
54997;2
54997;2
54997;2
54997;2
54997;2
54997;2
54997;2
54997;2
54997;2
54997;2
54997;2
54997;2
54997;2
54997;2
54997;2
54997;2
54997;2
54997;2
0;None
54997;2
54997;2
54997;2
54997;2
54997;2
54997;2
54997;2
54997;2
54997;2
54997;2
54997;2
54997;2
54997;2
54997;2
54997;2
54997;2
54997;2
54997;2
54997;2
54997;2
54997;2
54997;2
54997;2
54997;2
54997;2
54997;2
54997;2
54997;2
54997;2
0;None
317;2
327;3
265;4
54820;25
54820;25
54820;25
54820;25
54820;25
54820;25
54820;25
54820;25
54820;25
54820;25
54820;25
54820;25
54820;25
54820;25
54820;25
255;20
54820;25
261;22
54820;25
54820;25
175;25
54820;25
459;27
54820;25
54820;25
16;30
0;None
317;2
327;3
265;4
54820;25
54820;25
54820;25
54820;25
54820;25
54820;25
54820;25
54820;25
54820;25
54820;25
54820;25
54820;25
54820;25
54820;25
54820;25
255;20
54820;25
261;22
54820;25
54820;25
175;25
54820;25
459;27
54820;25
54820;25
16;30
0;None
317;2
327;3
287;4
310;25
485;22
116;20
351;30
333;30
316;30
192;30
331;30
54770;20
764;4
217;25
292;30
75;30
317;20
268;22
98;20
308;20
192;20
238;20
194;25
175;25
267;25
256;27
413;27
54770;20
16;30
0;None
317;2
327;3
287;4
310;25
485;22
116;20
351;30
333;30
316;30
192;30
331;30
54770;20
764;4
217;25
292;30
75;30
317;20
268;22
98;20
308;20
192;20
238;20
194;25
175;25
267;25
256;27
413;27
54770;20
16;30
0;None
110;2
177;3
287;4
234;30
179;30
116;20
185;20
288;30
243;30
136;30
184;2
372;20
307;20
141;30
155;2
75;30
208;2
199;20
98;20
92;30
180;30
238;20
118;30
99;30
180;20
207;30
349;20
625;25
16;30
0;None
110;2
177;3
287;4
234;30
179;30
116;20
185;20
288;30
243;30
136;30
184;2
372;20
307;20
141;30
155;2
75;30
208;2
199;20
98;20
92;30
180;30
238;20
118;30
99;30
180;20
207;30
349;20
625;25
16;30
0;None
197;30
177;3
225;4
220;25
256;30
262;22
287;22
134;22
85;30
136;30
218;27
89;22
296;22
157;30
171;22
286;22
145;22
78;22
244;22
342;30
71;22
219;30
118;30
85;25
355;22
159;27
177;22
433;27
16;30
0;None
197;30
177;3
225;4
220;25
256;30
262;22
287;22
134;22
85;30
136;30
218;27
89;22
296;22
157;30
171;22
286;22
145;22
78;22
244;22
342;30
71;22
219;30
118;30
85;25
355;22
159;27
177;22
433;27
16;30
0;None
207;2
264;30
312;30
161;25
266;30
250;30
191;30
183;30
85;30
154;25
252;25
198;30
351;30
228;30
268;30
162;30
321;30
127;30
353;30
179;30
180;30
418;20
205;30
85;25
314;30
193;25
216;25
467;25
16;30
0;None
207;2
264;30
312;30
161;25
266;30
250;30
191;30
183;30
85;30
154;25
252;25
198;30
351;30
228;30
268;30
162;30
321;30
127;30
353;30
179;30
180;30
418;20
205;30
85;25
314;30
193;25
216;25
467;25
16;30
0;None
12;2
45;3
312;27
132;27
282;22
33;2
197;30
97;22
91;30
125;27
119;2
138;2
241;2
143;22
221;2
278;27
217;3
41;22
64;22
295;27
34;22
179;22
182;22
56;27
97;2
53;27
187;27
438;27
22;30
0;None
12;2
45;3
312;27
132;27
282;22
33;2
197;30
97;22
91;30
125;27
119;2
138;2
241;2
143;22
221;2
278;27
217;3
41;22
64;22
295;27
34;22
179;22
182;22
56;27
97;2
53;27
187;27
438;27
22;30
0;None
274;27
71;3
216;4
180;27
284;27
324;3
139;27
386;4
269;27
155;27
345;27
264;27
191;27
385;3
195;22
254;27
295;30
290;30
306;3
257;27
34;22
58;27
274;30
56;27
388;3
53;27
333;27
610;27
34;30
0;None
274;27
71;3
216;4
180;27
284;27
324;3
139;27
386;4
269;27
155;27
345;27
264;27
191;27
385;3
195;22
254;27
295;30
290;30
306;3
257;27
34;22
58;27
274;30
56;27
388;3
53;27
333;27
610;27
34;30
0;None
245;25
71;3
210;30
177;30
175;22
252;30
138;30
186;30
216;25
141;30
264;30
274;30
190;30
246;30
242;30
192;30
196;30
116;30
243;25
398;25
146;22
57;30
211;25
53;30
306;25
75;27
228;30
451;25
34;30
0;None
245;25
71;3
210;30
177;30
175;22
252;30
138;30
186;30
216;25
141;30
264;30
274;30
190;30
246;30
242;30
192;30
196;30
116;30
243;25
398;25
146;22
57;30
211;25
53;30
306;25
75;27
228;30
451;25
34;30
0;None
225;25
10;3
252;3
177;30
292;30
254;30
160;30
186;30
209;30
141;30
288;30
301;3
299;30
208;20
242;30
136;30
218;30
213;30
188;20
358;20
38;30
154;30
204;30
53;30
299;30
75;27
281;30
444;30
34;30
0;None
225;25
10;3
252;3
177;30
292;30
254;30
160;30
186;30
209;30
141;30
288;30
301;3
299;30
208;20
242;30
136;30
218;30
213;30
188;20
358;20
38;30
154;30
204;30
53;30
299;30
75;27
281;30
444;30
34;30
0;None
175;3
10;3
229;4
134;3
232;20
259;30
168;30
143;3
166;3
141;30
325;30
120;3
223;3
107;20
274;30
84;3
226;30
41;3
87;20
257;20
128;30
162;30
212;30
53;30
215;30
63;3
290;3
434;3
34;30
0;None
175;3
10;3
229;4
134;3
232;20
259;30
168;30
143;3
166;3
141;30
325;30
120;3
223;3
107;20
274;30
84;3
226;30
41;3
87;20
257;20
128;30
162;30
212;30
53;30
215;30
63;3
290;3
434;3
34;30
0;None
20;2
10;3
26;4
150;2
70;4
259;30
71;4
88;4
182;2
141;30
238;4
136;2
239;2
30;20
167;2
84;3
86;4
57;2
10;20
180;20
128;30
133;3
76;25
53;30
90;2
79;2
256;2
400;2
34;30
0;None
20;2
10;3
26;4
150;2
70;4
259;30
71;4
88;4
182;2
141;30
238;4
136;2
239;2
30;20
167;2
84;3
86;4
57;2
10;20
180;20
128;30
133;3
76;25
53;30
90;2
79;2
256;2
400;2
34;30
0;None
47;20
69;3
176;4
265;4
186;20
165;30
174;30
191;30
261;4
238;20
142;20
179;20
282;20
30;20
233;30
143;3
202;20
100;20
10;20
26;20
272;20
292;20
69;30
53;30
117;20
45;20
285;3
338;20
34;30
0;None
47;20
69;3
176;4
265;4
186;20
165;30
174;30
191;30
261;4
238;20
142;20
179;20
282;20
30;20
233;30
143;3
202;20
100;20
10;20
26;20
272;20
292;20
69;30
53;30
117;20
45;20
285;3
338;20
34;30
0;None
260;3
27;3
121;4
210;4
167;4
289;20
150;3
167;3
354;3
171;20
142;20
161;30
210;30
214;3
197;22
101;3
166;3
234;20
10;20
39;20
51;22
295;20
117;20
83;20
245;20
91;3
316;3
52;20
64;20
0;None
260;3
27;3
121;4
210;4
167;4
289;20
150;3
167;3
354;3
171;20
142;20
161;30
210;30
214;3
197;22
101;3
166;3
234;20
10;20
39;20
51;22
295;20
117;20
83;20
245;20
91;3
316;3
52;20
64;20
0;None
277;20
171;3
297;20
386;20
51;20
161;20
342;20
359;20
382;20
364;20
268;20
279;20
328;20
347;22
310;20
319;3
164;20
246;22
10;20
343;22
51;22
371;20
243;20
282;25
233;20
235;3
261;3
379;22
329;20
0;None
277;20
171;3
297;20
386;20
51;20
161;20
342;20
359;20
382;20
364;20
268;20
279;20
328;20
347;22
310;20
319;3
164;20
246;22
10;20
343;22
51;22
371;20
243;20
282;25
233;20
235;3
261;3
379;22
329;20
0;None
378;2
171;3
352;25
441;25
398;25
443;2
435;25
585;30
390;22
419;25
323;25
334;25
430;4
438;22
484;22
319;3
451;25
513;25
364;27
483;3
361;22
406;3
298;25
282;25
448;2
116;27
465;25
399;25
420;30
0;None
378;2
171;3
352;25
441;25
398;25
443;2
435;25
585;30
390;22
419;25
323;25
334;25
430;4
438;22
484;22
319;3
451;25
513;25
364;27
483;3
361;22
406;3
298;25
282;25
448;2
116;27
465;25
399;25
420;30
0;None
62;2
111;3
335;2
424;2
427;2
127;2
180;2
360;27
376;2
460;2
318;2
329;2
394;2
437;2
314;2
222;3
261;3
475;30
357;20
328;2
431;27
346;3
406;2
372;2
286;2
116;27
349;2
341;2
353;2
0;None
62;2
111;3
335;2
424;2
427;2
127;2
180;2
360;27
376;2
460;2
318;2
329;2
394;2
437;2
314;2
222;3
261;3
475;30
357;20
328;2
431;27
346;3
406;2
372;2
286;2
116;27
349;2
341;2
353;2
0;None
338;2
366;3
203;4
462;4
214;20
426;4
255;20
405;30
266;27
315;30
338;20
317;20
180;20
320;30
138;20
213;20
292;30
361;27
107;20
135;20
176;27
428;20
247;30
231;30
366;4
60;27
431;27
526;27
64;30
0;None
338;2
366;3
203;4
462;4
214;20
426;4
255;20
405;30
266;27
315;30
338;20
317;20
180;20
320;30
138;20
213;20
292;30
361;27
107;20
135;20
176;27
428;20
247;30
231;30
366;4
60;27
431;27
526;27
64;30
0;None
338;2
366;3
237;4
731;4
330;4
386;4
336;27
372;27
266;27
406;30
419;27
333;4
253;4
485;4
354;2
400;2
425;4
361;27
394;2
472;20
176;27
443;27
435;27
299;27
358;4
60;27
431;27
536;27
252;27
0;None
338;2
366;3
237;4
731;4
330;4
386;4
336;27
372;27
266;27
406;30
419;27
333;4
253;4
485;4
354;2
400;2
425;4
361;27
394;2
472;20
176;27
443;27
435;27
299;27
358;4
60;27
431;27
536;27
252;27
0;None
451;2
366;3
237;4
453;30
257;4
425;30
361;27
227;30
291;27
276;30
444;27
448;30
511;30
487;30
462;30
338;30
352;4
318;27
444;20
472;20
133;27
367;27
414;30
133;27
276;27
60;27
431;27
666;27
157;30
0;None
451;2
366;3
237;4
453;30
257;4
425;30
361;27
227;30
291;27
276;30
444;27
448;30
511;30
487;30
462;30
338;30
352;4
318;27
444;20
472;20
133;27
367;27
414;30
133;27
276;27
60;27
431;27
666;27
157;30
