54997;8
54997;8
54997;8
54997;8
54997;8
54997;8
0;None
54997;8
54997;8
54997;8
54997;8
54997;8
54997;8
54997;8
54997;8
54997;8
54997;8
54997;8
54997;8
54997;8
54997;8
54997;8
54997;8
54997;8
54997;8
54997;8
54997;8
54997;8
54997;8
54997;8
54997;8
54997;8
54997;8
54997;8
54997;8
54997;8
0;None
54997;8
54997;8
54997;8
54997;8
54997;8
54997;8
54997;8
54997;8
54997;8
54997;8
54997;8
54997;8
54997;8
54997;8
54997;8
54997;8
54997;8
54997;8
54997;8
54997;8
54997;8
54997;8
54997;8
54827;8
54827;8
54827;8
54827;8
54827;8
54827;8
0;None
69;8
54827;8
54827;8
54827;8
54827;8
446;13
54827;8
54827;8
54827;8
54827;8
54827;8
54827;8
54827;8
54827;8
54827;8
54827;8
54827;8
54827;8
64;26
54827;8
54827;8
54827;8
54827;8
54827;8
54827;8
54827;8
54827;8
54827;8
54827;8
0;None
69;8
54827;8
54827;8
54827;8
54827;8
446;13
54827;8
54827;8
54827;8
54827;8
54827;8
54827;8
54827;8
54827;8
54827;8
54827;8
54827;8
54827;8
64;26
54827;8
54827;8
54827;8
54827;8
54954;8
319;8
344;8
148;8
54954;8
54954;8
0;None
69;8
210;8
258;8
54954;8
404;8
117;26
229;8
54954;8
188;26
54954;8
483;8
54954;8
523;26
54954;8
340;26
54954;8
54954;8
601;13
64;26
332;26
495;13
54954;8
54954;8
54954;8
319;8
344;8
148;8
54954;8
54954;8
0;None
69;8
210;8
258;8
54954;8
404;8
117;26
229;8
54954;8
188;26
54954;8
483;8
54954;8
523;26
54954;8
340;26
54954;8
54954;8
601;13
64;26
332;26
495;13
54954;8
54954;8
642;26
310;13
415;13
291;26
669;8
564;26
0;None
251;8
470;26
394;26
605;26
384;13
252;13
408;13
509;13
188;26
679;26
241;26
347;26
261;26
733;26
340;26
555;26
458;26
379;26
64;26
332;26
491;13
891;13
457;13
642;26
310;13
415;13
291;26
669;8
564;26
0;None
251;8
470;26
394;26
605;26
384;13
252;13
408;13
509;13
188;26
679;26
241;26
347;26
261;26
733;26
340;26
555;26
458;26
379;26
64;26
332;26
491;13
891;13
457;13
322;26
221;13
496;13
408;26
524;26
564;26
0;None
251;8
403;26
223;26
515;26
295;13
163;13
266;13
295;26
188;26
278;26
241;26
306;26
261;26
295;26
299;26
401;26
376;26
343;13
64;26
296;13
273;26
783;26
337;26
322;26
221;13
496;13
408;26
524;26
564;26
0;None
251;8
403;26
223;26
515;26
295;13
163;13
266;13
295;26
188;26
278;26
241;26
306;26
261;26
295;26
299;26
401;26
376;26
343;13
64;26
296;13
273;26
783;26
337;26
390;8
440;26
333;8
485;8
646;8
684;26
0;None
251;8
434;13
237;26
641;26
563;26
163;13
266;13
417;8
477;26
465;8
309;8
567;26
466;26
750;8
560;26
581;26
584;26
620;26
64;26
296;13
527;26
778;26
406;8
390;8
440;26
333;8
485;8
646;8
684;26
0;None
251;8
434;13
237;26
641;26
563;26
163;13
266;13
417;8
477;26
465;8
309;8
567;26
466;26
750;8
560;26
581;26
584;26
620;26
64;26
296;13
527;26
778;26
406;8
352;13
445;13
333;8
509;26
512;26
493;26
0;None
251;8
328;26
169;26
526;8
408;8
188;13
291;13
390;8
67;26
293;13
309;8
272;26
437;26
482;8
265;26
500;26
479;8
377;26
64;26
349;8
371;26
392;26
368;13
352;13
445;13
333;8
509;26
512;26
493;26
0;None
251;8
328;26
169;26
526;8
408;8
188;13
291;13
390;8
67;26
293;13
309;8
272;26
437;26
482;8
265;26
500;26
479;8
377;26
64;26
349;8
371;26
392;26
368;13
299;26
397;26
313;8
426;26
453;26
544;26
0;None
251;8
184;26
258;26
337;26
246;26
188;13
291;13
228;26
67;26
390;13
120;26
262;26
335;8
388;26
255;26
184;26
372;26
300;26
64;26
329;8
102;26
379;26
424;26
299;26
397;26
313;8
426;26
453;26
544;26
0;None
251;8
184;26
258;26
337;26
246;26
188;13
291;13
228;26
67;26
390;13
120;26
262;26
335;8
388;26
255;26
184;26
372;26
300;26
64;26
329;8
102;26
379;26
424;26
629;26
536;13
324;26
345;26
550;13
115;26
0;None
273;26
514;26
537;26
495;26
643;13
65;13
168;13
710;8
67;26
267;13
162;26
165;26
188;26
718;26
282;26
192;26
372;26
230;26
64;26
340;26
432;26
576;26
617;26
629;26
536;13
324;26
345;26
550;13
115;26
0;None
273;26
514;26
537;26
495;26
643;13
65;13
168;13
710;8
67;26
267;13
162;26
165;26
188;26
718;26
282;26
192;26
372;26
230;26
64;26
340;26
432;26
576;26
617;26
307;8
263;26
307;26
416;26
175;26
111;26
0;None
266;8
184;26
94;26
219;13
355;26
65;13
217;13
234;26
137;26
204;26
232;26
235;26
258;26
500;26
141;26
263;26
313;26
363;8
60;26
369;26
156;13
300;13
262;26
307;8
263;26
307;26
416;26
175;26
111;26
0;None
266;8
184;26
94;26
219;13
355;26
65;13
217;13
234;26
137;26
204;26
232;26
235;26
258;26
500;26
141;26
263;26
313;26
363;8
60;26
369;26
156;13
300;13
262;26
332;26
365;26
391;8
420;26
324;26
219;26
0;None
266;8
283;8
202;26
286;26
355;26
290;26
393;26
342;26
137;26
204;26
232;26
235;26
301;26
428;26
249;26
267;26
317;26
427;26
60;26
424;26
226;26
370;26
366;26
332;26
365;26
391;8
420;26
324;26
219;26
0;None
266;8
283;8
202;26
286;26
355;26
290;26
393;26
342;26
137;26
204;26
232;26
235;26
301;26
428;26
249;26
267;26
317;26
427;26
60;26
424;26
226;26
370;26
366;26
270;26
371;26
294;26
462;8
319;26
231;26
0;None
232;26
283;8
214;26
298;26
404;8
258;26
361;26
203;26
149;26
395;26
244;26
406;8
183;26
353;26
175;26
279;26
323;26
348;26
72;26
345;26
238;26
382;26
304;26
270;26
371;26
294;26
462;8
319;26
231;26
0;None
232;26
283;8
214;26
298;26
404;8
258;26
361;26
203;26
149;26
395;26
244;26
406;8
183;26
353;26
175;26
279;26
323;26
348;26
72;26
345;26
238;26
382;26
304;26
339;26
457;8
367;13
304;8
472;8
348;8
0;None
266;8
320;26
158;26
684;8
404;8
219;13
316;8
475;13
555;26
176;26
282;8
316;26
455;13
690;8
175;26
195;26
535;13
519;13
72;26
182;26
238;26
382;26
373;26
339;26
457;8
367;13
304;8
472;8
348;8
0;None
266;8
320;26
158;26
684;8
404;8
219;13
316;8
475;13
555;26
176;26
282;8
316;26
455;13
690;8
175;26
195;26
535;13
519;13
72;26
182;26
238;26
382;26
373;26
359;8
209;26
493;8
323;8
412;8
367;8
0;None
146;8
385;8
408;8
454;8
284;8
219;13
457;8
192;26
377;13
495;26
162;8
259;8
172;26
188;26
455;8
387;8
279;26
232;26
72;26
182;26
357;13
501;13
213;26
359;8
209;26
493;8
323;8
412;8
367;8
0;None
146;8
385;8
408;8
454;8
284;8
219;13
457;8
192;26
377;13
495;26
162;8
259;8
172;26
188;26
455;8
387;8
279;26
232;26
72;26
182;26
357;13
501;13
213;26
263;8
158;8
216;8
208;8
297;8
242;8
0;None
53;8
280;8
147;8
333;26
191;8
202;8
267;8
310;26
408;26
290;8
338;8
380;26
172;26
201;26
301;8
294;8
279;26
245;26
72;26
196;26
222;26
214;26
226;26
263;8
158;8
216;8
208;8
297;8
242;8
0;None
53;8
280;8
147;8
333;26
191;8
202;8
267;8
310;26
408;26
290;8
338;8
380;26
172;26
201;26
301;8
294;8
279;26
245;26
72;26
196;26
222;26
214;26
226;26
392;13
158;8
155;8
242;8
331;8
186;13
0;None
53;8
304;8
162;26
387;8
136;8
76;13
221;13
213;8
259;8
254;13
251;8
348;8
172;26
344;8
353;26
226;8
313;8
388;8
72;26
219;8
234;13
389;8
369;8
392;13
158;8
155;8
242;8
331;8
186;13
0;None
53;8
304;8
162;26
387;8
136;8
76;13
221;13
213;8
259;8
254;13
251;8
348;8
172;26
344;8
353;26
226;8
313;8
388;8
72;26
219;8
234;13
389;8
369;8
331;13
124;13
155;8
242;8
331;8
421;8
0;None
53;8
304;8
165;8
430;8
136;8
14;13
229;13
277;13
269;26
262;13
218;13
315;13
111;13
337;13
177;26
226;8
244;13
228;13
72;26
331;13
172;13
336;13
278;8
331;13
124;13
155;8
242;8
331;8
421;8
0;None
53;8
304;8
165;8
430;8
136;8
14;13
229;13
277;13
269;26
262;13
218;13
315;13
111;13
337;13
177;26
226;8
244;13
228;13
72;26
331;13
172;13
336;13
278;8
523;13
124;13
219;13
295;8
477;8
473;13
0;None
53;8
469;13
337;13
411;13
136;8
14;13
229;13
416;13
367;8
262;13
301;13
364;8
390;8
419;8
444;8
226;8
343;13
327;13
348;13
385;13
353;13
403;13
278;8
523;13
124;13
219;13
295;8
477;8
473;13
0;None
53;8
469;13
337;13
411;13
136;8
14;13
229;13
416;13
367;8
262;13
301;13
364;8
390;8
419;8
444;8
226;8
343;13
327;13
348;13
385;13
353;13
403;13
278;8
329;13
124;13
219;13
295;8
554;8
377;8
0;None
53;8
217;13
489;8
452;13
136;8
14;13
229;13
461;13
140;13
330;13
369;13
321;8
467;13
232;13
444;8
226;8
544;8
327;13
367;13
347;13
85;13
496;8
506;13
329;13
124;13
219;13
295;8
554;8
377;8
0;None
53;8
217;13
489;8
452;13
136;8
14;13
229;13
461;13
140;13
330;13
369;13
321;8
467;13
232;13
444;8
226;8
544;8
327;13
367;13
347;13
85;13
496;8
506;13
496;8
579;8
650;8
760;8
765;8
507;8
0;None
309;8
539;8
380;8
580;8
403;8
472;13
687;13
719;8
437;8
483;8
530;8
588;8
477;8
790;26
479;26
493;8
646;8
560;8
450;26
569;26
668;26
792;8
543;8
496;8
579;8
650;8
760;8
765;8
507;8
0;None
309;8
539;8
380;8
580;8
403;8
472;13
687;13
719;8
437;8
483;8
530;8
588;8
477;8
790;26
479;26
493;8
646;8
560;8
450;26
569;26
668;26
792;8
543;8
